1
1
1
0.00499632
0.0202812
0.016109
0.0134029
0.0142388
0.00751583
0.00720746
0.0123954
0.00919968
0.0115107
0.0108502
0.00669299
0.00897637
0.00901945
0.00451289
0.00562139
0.00767577
0.00497521
0.00458811
0.0071341
0.0046571
0.00337199
0.00634889
0.00409299
0.0031041
0.00600877
0.00390637
0.00279369
0.00655464
0.00383426
0.00293401
0.00726007
0.00425416
0.00252155
0.00726847
0.00311746
0.00218988
0.00678138
0.00375367
0.00230469
0.00650425
0.00342284
0.00205806
0.00609275
0.00271876
0.00247052
0.00580722
0.00239217
0.0024365
0.00562246
0.00254911
0.0027214
0.00484564
0.00286297
0.0027214
0.00510178
0.00303687
0.00244076
0.00508499
0.00299022
0.00235146
0.00480365
0.00284176
0.00257257
0.00473647
0.00301991
0.00239823
0.00472387
0.00276542
0.00229618
0.0050514
0.00284176
0.00224941
0.00517317
0.00284601
0.00251304
0.00478266
0.00301566
0.00300205
0.0046273
0.00304535
0.00283621
0.00477006
0.00325743
0.00322741
0.00447613
0.00327439
0.00370791
0.00457271
0.00332529
0.00374618
0.00401424
0.00346526
0.00483049
0.0037707
0.00327863
0.00565966
0.00349357
0.00331681
0.0042692
0.00285532
0.00363491
0.00503884
0.00297289
0.00384699
0.00543855
0.0029435
0.00373247
0.00528547
0.00286372
0.00408027
0.00455835
0.00227586
0.00380457
0.00442653
0.00217928
0.00352464
0.00513664
0.00191054
0.00350343
0.00561289
0.00185596
0.00389364
0.00630174
0.00173839
0.00383426
0.0050601
0.00144865
0.00370278
0.00518767
0.00136467
0.00377064
0.00455835
0.00144446
0.00361795
0.00427345
0.00139407
0.00364764
0.00410761
0.00141506
0.00353312
0.00429471
0.00133528
0.00360522
0.00375893
0.00120931
0.00290539
0.00346553
0.00115472
0.0029478
0.00332946
0.00118412
0.00303687
0.00332946
0.00113793
0.00275694
0.00305732
0.00104555
0.00250245
0.00308709
0.00110854
0.00232007
0.00279369
0.00106235
0.00245579
0.00272991
0.000915382
0.00224796
0.00265762
0.000906984
0.00221827
0.00229618
0.000940576
0.00222251
0.00213885
0.00096577
0.00206982
0.00212609
0.000885989
0.00211648
0.00188372
0.000898586
0.00183654
0.00187522
0.000906984
0.00181534
0.00190923
0.000781014
0.00170506
0.00184545
0.000760019
0.00177716
0.00188372
0.000869193
0.00167537
0.00182844
0.000835601
0.00133605
0.00145425
0.000814606
0.00152692
0.00161583
0.000785213
0.00152268
0.00147126
0.000785213
0.0015863
0.00165835
0.000793611
0.00157782
0.00149252
0.000676039
0.00129788
0.00130542
0.000785213
0.00112398
0.00133519
0.000676039
0.00126819
0.00139047
0.000608855
0.00109429
0.00124164
0.000533273
0.00108157
0.00107155
0.000524875
0.000937358
0.00108006
0.000457691
0.00103491
0.0010673
0.000436696
0.000975531
0.00118211
0.000411502
0.00103067
0.00110557
0.000386308
0.00107308
0.00103753
0.000390507
0.000945841
0.00101202
0.000403104
0.000780425
0.000943986
0.000323323
0.000793149
0.000939734
0.000398905
0.000856771
0.00111407
0.000369512
0.000733769
0.000960995
0.000327522
0.000776184
0.000943986
0.000277134
0.000733769
0.000965247
0.000340119
0.000780425
0.000956743
0.000344318
0.00064894
0.00109281
0.000356915
0.000576836
0.000948238
0.000373711
0.000576836
0.000986508
0.000310726
0.000598043
0.000939734
0.000277134
0.000627733
0.0010673
0.000344318
0.000742252
0.00102903
0.000319124
0.000572594
0.0011651
0.000327522
0.00055987
0.00114809
0.000323323
0.000644699
0.00089296
0.000319124
0.000598043
0.000867447
0.000306527
0.00041142
0.000812168
0.000285532
0.000581077
0.000714368
0.000289731
0.000585319
0.000829177
0.000319124
0.000466558
0.000710116
0.000344318
0.000432627
0.000688855
0.000281333
0.000356281
0.000650585
0.000314925
0.000449593
0.000697359
0.000369512
0.000364764
0.000735629
0.000264537
0.000432627
0.00068035
0.000340119
0.000475041
0.000608063
0.000323323
0.000394454
0.000565541
0.000352716
0.000432627
0.00058255
0.000348517
0.000458076
0.000591054
0.00029393
0.000385971
0.000569793
0.000310726
0.000360522
0.000501758
0.000285532
0.000385971
0.000459236
0.000306527
0.000436868
0.000459236
0.000264537
0.000390212
0.000429471
0.000247741
0.000292659
0.000471993
0.000214149
0.000394454
0.000335923
0.00025194
0.000398695
0.000340175
0.000243542
0.000428385
0.000586802
0.000218348
0.000364764
0.000459236
0.000197353
0.000394454
0.000565541
0.000201552
0.000415661
0.000395454
0.000146965
0.000407178
0.000361436
0.000138567
0.000390212
0.000416714
0.000201552
0.00038173
0.00036994
0.000218348
0.000360522
0.000420967
0.000172159
0.000394454
0.000386949
0.000172159
0.000415661
0.000382697
0.000222547
0.000322349
0.000340175
0.00025194
0.000326591
0.000335923
0.00016796
0.000326591
0.000331671
0.000146965
0.000330832
0.000361436
0.00016796
0.000352039
0.000331671
0.000176358
0.000267211
0.000344427
0.000142766
0.000246004
0.000280644
0.000197353
0.000258728
0.00031041
0.000155363
0.000284176
0.000340175
0.00012597
0.000309625
0.000293401
0.000163761
0.000360522
0.000314662
0.00016796
0.000313867
0.000289149
0.000113373
0.000203589
0.000293401
0.000113373
0.000237521
0.000344427
0.000184756
0.000271452
0.000323166
7.9781e-05
0.000190865
0.000267888
0.000104975
0.000322349
0.000276392
8.398e-05
0.000224796
0.000284897
8.8179e-05
0.000271452
0.000263636
7.9781e-05
0.000330832
0.000182844
0.000134368
0.000292659
0.000225366
7.9781e-05
0.000292659
0.000323166
0.000142766
0.000322349
0.000293401
6.2985e-05
0.000207831
0.000255131
0.000113373
0.000360522
0.000212609
6.2985e-05
0.000343557
0.000199853
7.9781e-05
0.000275694
0.000204105
8.398e-05
0.000262969
0.000170088
7.5582e-05
0.000258728
0.000255131
0.000134368
0.000284176
0.000229618
0.000104975
0.000190865
0.000195601
8.398e-05
0.000224796
0.000221114
0.000113373
0.000190865
0.000242375
3.7791e-05
0.000216313
0.000161583
3.7791e-05
0.000313867
0.000216862
5.4587e-05
0.000237521
0.000242375
7.9781e-05
0.000229038
0.000182844
7.9781e-05
0.000182382
0.000165835
0.00016796
0.000246004
0.000182844
0.000130169
0.000246004
0.000144574
7.9781e-05
0.000216313
0.000238123
0.000155363
0.000237521
0.000153079
4.199e-05
0.000173899
0.00013607
0.000121771
0.000220555
0.000153079
7.9781e-05
0.000216313
0.000161583
5.0388e-05
0.000186623
0.00013607
8.8179e-05
0.000241762
0.000161583
3.7791e-05
0.000250245
0.000110557
7.1383e-05
0.00014845
0.000153079
7.5582e-05
0.000267211
0.000144574
7.1383e-05
0.000114519
0.00013607
3.7791e-05
0.00017814
0.000114809
1.6796e-05
0.000254486
0.000102053
5.8786e-05
0.000161175
0.000114809
8.398e-05
0.000246004
0.00013607
7.1383e-05
0.00017814
9.78003e-05
2.5194e-05
0.000207831
0.000140322
2.9393e-05
0.000182382
0.000123313
3.7791e-05
0.000207831
0.000114809
1.6796e-05
0.000152692
8.50438e-05
6.7184e-05
0.000313867
0.000119061
2.9393e-05
0.00011876
7.65394e-05
6.7184e-05
0.00017814
9.78003e-05
4.6189e-05
0.000161175
9.78003e-05
1.6796e-05
0.000186623
0.000110557
4.6189e-05
0.000161175
8.9296e-05
4.199e-06
0.00017814
8.07916e-05
8.398e-06
0.000254486
7.65394e-05
5.4587e-05
0.000195106
0.000110557
4.199e-06
0.000220555
4.25219e-05
5.4587e-05
0.000212072
0.000131818
0
0.000267211
8.07916e-05
4.199e-06
0.000199348
3.82697e-05
3.3592e-05
0.000250245
7.65394e-05
6.2985e-05
0.00017814
0.000144574
4.6189e-05
0.000207831
0.000123313
5.8786e-05
0.000152692
0.000106305
7.1383e-05
0.000190865
5.52785e-05
4.6189e-05
0.000246004
8.9296e-05
4.199e-05
0.000186623
0.000102053
4.199e-05
0.000258728
0.000127566
3.7791e-05
0.000229038
0.000161583
8.8179e-05
0.000216313
8.9296e-05
5.0388e-05
0.000233279
0.000140322
7.1383e-05
0.000296901
8.50438e-05
2.0995e-05
0.000313867
0.000140322
2.0995e-05
0.000275694
0.000127566
2.0995e-05
0.000254486
8.9296e-05
9.2378e-05
0.000207831
0.000106305
6.7184e-05
0.000271452
0.000131818
7.5582e-05
0.000343557
9.78003e-05
8.398e-05
0.000279935
0.000148827
6.7184e-05
0.000377488
0.000153079
8.398e-05
0.000233279
0.000157331
5.4587e-05
0.000288418
0.000131818
8.398e-05
0.000305384
0.000187096
4.6189e-05
0.000313867
0.00017434
6.2985e-05
0.000271452
8.50438e-05
8.8179e-05
0.000309625
0.000187096
0.000155363
0.000203589
0.000127566
9.2378e-05
0.000220555
0.000127566
0.000104975
0.000186623
0.000102053
0.000138567
0.000182382
0.000123313
0.00012597
0.000152692
0.00013607
0.000104975
0.000220555
0.000102053
0.000176358
0.000246004
6.8035e-05
0.000159562
0.000139968
7.65394e-05
0.00016796
0.000216313
6.8035e-05
0.000184756
0.000127243
6.8035e-05
0.000260338
0.000161175
9.78003e-05
0.000222547
0.000110277
0.000148827
0.000188955
0.00011876
0.000127566
0.000235144
0.000212072
0.000123313
0.00025194
0.00011876
0.00013607
0.000340119
7.63459e-05
0.000102053
0.000340119
0.000101795
0.000114809
0.00037791
0.000161175
0.00013607
0.000445094
6.7863e-05
8.9296e-05
0.000524875
0.00011876
0.000106305
0.000453492
7.63459e-05
2.55131e-05
0.00029393
7.21045e-05
3.40175e-05
0.000323323
5.51387e-05
2.97653e-05
0.000302328
3.39315e-05
1.81899e-12
0.000272935
8.48288e-06
2.97653e-05
0.000176358
-4.09273e-12
0.000561289
0.00128489
0.00135726
